98081 27887 31847 84059 2081 41318 54425 22540 40456 3300 10694 78511 28162 55089 24728 33274 11211 31445 23237 39106
40495 65466 11528 86258 58047 79947 38287 32888 92790 93015 95541 80408 7387 66831 15429 25356 41737 60631 11485 15026
86413 3090 65194 90563 12433 24147 74078 64324 16159 71353 51957 43721 27189 82199 13000 38705 62888 4538 49703 89355
72451 8510 52605 60156 28266 89828 75561 87202 34783 35746 71563 14376 89002 29718 25447 65094 61577 7463 67996 6420
18623 60953 71137 43133 79241 70059 53033 38643 53891 2002 98878 9336 72546 9107 7940 6503 30552 99843 52205 61598
67425 81351 31515 89757 3687 58010 3410 95285 58590 63632 33098 48553 18591 88582 5384 11297 59267 86137 69271 15894
97726 45802 3981 12079 12066 21270 30493 23086 49819 98981 6052 17175 44885 45710 51387 73749 1528 92818 4384 57903
51224 64547 93612 21532 3616 77839 90540 25786 47051 58076 53640 57351 18844 90364 92305 99183 54801 90 61602 92258
63767 43231 77578 8154 67822 81223 17342 4208 47743 31968 1166 53710 94535 90440 54904 93162 54657 34415 89371 83039
43430 89513 19700 61359 96720 40783 10870 12984 68247 58010 40565 94162 36829 7920 62048 56756 95695 78666 76200 19456
56629 21092 78831 97577 7886 25320 95399 71162 43447 90292 51888 16611 69103 69888 38318 23756 42019 97807 26157 58652
58675 22181 21853 38795 10417 1393 78470 78996 9386 42632 82520 60260 73922 47029 81661 70060 52420 31079 92954 31464
42060 9551 41181 71757 79516 50600 17039 64637 41533 75561 52804 76685 21509 71215 31719 85014 31040 38662 15740 76000
19284 73173 50235 96443 421 32390 60574 22869 68070 86336 3338 73472 1544 12395 92174 11237 73524 57293 21606 29648
73352 27420 68622 70371 36117 38151 95265 98682 43479 76592 70129 24231 28721 60855 84511 65343 31053 55166 59859 99867
58408 77008 75528 3653 96774 58284 62375 91874 10106 66537 92286 54467 26114 74658 40259 43546 99723 46724 7587 91657
63374 56039 76531 18146 64983 10928 25516 84926 97477 77412 5036 46051 19105 17762 16789 34698 2887 69430 2409 1128
49159 46861 28602 77418 38345 47871 27653 38240 72120 59081 94405 27276 61509 21466 20556 67695 30580 44834 48477 34267
61478 22175 44993 53380 3808 92631 78265 8558 72884 70442 49023 63162 9673 76972 79253 19158 5527 30496 75048 85513
19731 42574 31306 23740 68531 52332 82677 45402 63654 13483 44330 52686 64187 61462 60604 33421 98193 48398 68956 6765
922 30045 96494 4806 48999 4024 91420 82044 27759 84007 47124 33357 88853 67774 58475 85740 28089 95814 50545 38339
51581 83131 87051 56985 85629 34203 1695 57092 38372 95275 44377 41262 10973 3017 69759 47807 83780 12205 71406 42474
93544 1723 70894 3922 98033 27574 78610 30 65395 49914 92523 7650 909 99277 5645 40671 57208 28198 72734 98879
23354 94721 67587 69326 10010 33921 31267 89301 18849 99488 83920 78374 64401 78140 93973 65596 19466 30075 56110 86872
67913 15214 89959 60325 41446 9921 26244 97063 31436 46487 61488 58223 11925 79026 69219 9200 63114 88730 43176 31300
58051 9434 98619 85666 80913 57045 541 25642 92239 37694 67221 86574 40701 99750 59485 92088 90864 44560 96216 9719
71582 56316 46813 82516 83322 96301 69555 19277 3963 56217 10758 42232 77179 33875 63333 33740 47627 4534 71552 93928
17037 64647 69969 30712 6346 91009 80104 59356 6314 53589 77223 82442 17764 65339 71730 55619 69953 3360 70894 75985
45721 56213 9401 7328 31757 16184 76262 74283 84721 51350 61315 85540 94492 20342 86591 21898 73401 75707 97912 39695
16516 96452 12283 63755 14769 84740 27694 98098 1590 37417 23882 63414 22370 97182 88268 64476 51526 44196 8825 65768
62762 62243 27251 4121 12713 43709 7093 14870 78937 51086 69841 4490 58798 3585 69401 69058 80718 65392 42735 55815
9681 96848 92356 5617 75074 1099 60573 61051 33161 58460 31092 6524 14214 16118 55063 54135 62748 99350 73040 85652
75390 4666 95799 90760 23794 37510 8351 65666 38601 70722 21060 3834 26013 10162 6898 63817 95093 36840 96053 26218
27601 93006 52188 23571 73577 30242 50817 49407 58284 67150 24907 97222 12945 92835 17248 47630 56904 20562 34752 96775
28114 53207 65453 8701 57173 73201 74195 93450 63045 99227 55299 46138 8399 4615 21775 40943 75340 860 43539 90593
82551 46312 1778 91281 41106 63179 64615 37185 45511 31648 18314 75093 16836 96955 13360 45836 83906 47483 76128 97201
88612 70779 77563 68143 93787 86532 31523 19723 2825 61190 40277 84801 36501 53847 17808 17407 84659 32414 51096 76152
51364 86588 73237 1800 71192 85138 52395 45197 30144 13078 51608 59727 81063 58454 57352 37011 18401 11438 67272 45088
3780 23741 45671 32641 58314 73527 87636 49338 68784 57044 13237 10998 12523 75394 29995 46362 17635 82079 27107 11428
16082 63495 30856 21878 20989 30072 99141 2915 81602 10564 5920 9289 50503 98804 69300 15060 56879 23887 6815 6385
27198 82363 29325 6453 37251 53380 53332 19962 54832 26458 18464 79438 19249 28788 35809 13416 37356 74587 23972 49208
29244 44633 77346 19243 96601 60273 40344 30405 77800 91806 42155 97663 77378 24191 51561 35140 66312 14278 76444 66536
21312 66383 21411 13735 32971 3799 68158 45004 47801 14583 63816 93781 90296 33556 61089 53816 39317 67574 77777 49203
85666 49661 38784 54923 18429 38111 73183 23904 37650 1762 56991 9247 14510 23337 1464 11673 90457 32403 17181 8638
43617 87464 78676 43366 78135 80405 49585 59105 96479 49341 35763 95204 10319 4947 11883 35836 82210 45203 25330 5647
21907 17672 23804 78498 61691 90425 32337 13472 31143 54629 3004 69814 60289 54118 12892 22258 73650 16080 91978 50817
40325 95213 14269 37135 66910 49952 18171 70272 36209 87976 54987 77388 37146 53118 77933 66018 983 94966 76293 86274
83521 75073 1848 44146 83004 15354 93963 82760 94491 1859 14332 73097 60999 72119 7799 53925 67783 51578 16830 52057
8081 7887 1847 4059 2081 1318 4425 2540 456 3300 694 8511 8162 5089 4728 3274 1211 1445 3237 9106
495 5466 1528 6258 8047 9947 8287 2888 2790 3015 5541 408 7387 6831 5429 5356 1737 631 1485 5026
6413 3090 5194 563 2433 4147 4078 4324 6159 1353 1957 3721 7189 2199 3000 8705 2888 4538 9703 9355
2451 8510 2605 156 8266 9828 5561 7202 4783 5746 1563 4376 9002 9718 5447 5094 1577 7463 7996 6420
8623 953 1137 3133 9241 59 3033 8643 3891 2002 8878 9336 2546 9107 7940 6503 552 9843 2205 1598
7425 1351 1515 9757 3687 8010 3410 5285 8590 3632 3098 8553 8591 8582 5384 1297 9267 6137 9271 5894
7726 5802 3981 2079 2066 1270 493 3086 9819 8981 6052 7175 4885 5710 1387 3749 1528 2818 4384 7903
1224 4547 3612 1532 3616 7839 540 5786 7051 8076 3640 7351 8844 364 2305 9183 4801 90 1602 2258
3767 3231 7578 8154 7822 1223 7342 4208 7743 1968 1166 3710 4535 440 4904 3162 4657 4415 9371 3039
3430 9513 9700 1359 6720 783 870 2984 8247 8010 565 4162 6829 7920 2048 6756 5695 8666 6200 9456
6629 1092 8831 7577 7886 5320 5399 1162 3447 292 1888 6611 9103 9888 8318 3756 2019 7807 6157 8652
8675 2181 1853 8795 417 1393 8470 8996 9386 2632 2520 260 3922 7029 1661 60 2420 1079 2954 1464
2060 9551 1181 1757 9516 600 7039 4637 1533 5561 2804 6685 1509 1215 1719 5014 1040 8662 5740 6000
9284 3173 235 6443 421 2390 574 2869 8070 6336 3338 3472 1544 2395 2174 1237 3524 7293 1606 9648
3352 7420 8622 371 6117 8151 5265 8682 3479 6592 129 4231 8721 855 4511 5343 1053 5166 9859 9867
8408 7008 5528 3653 6774 8284 2375 1874 106 6537 2286 4467 6114 4658 259 3546 9723 6724 7587 1657
3374 6039 6531 8146 4983 928 5516 4926 7477 7412 5036 6051 9105 7762 6789 4698 2887 9430 2409 1128
9159 6861 8602 7418 8345 7871 7653 8240 2120 9081 4405 7276 1509 1466 556 7695 580 4834 8477 4267
1478 2175 4993 3380 3808 2631 8265 8558 2884 442 9023 3162 9673 6972 9253 9158 5527 496 5048 5513
9731 2574 1306 3740 8531 2332 2677 5402 3654 3483 4330 2686 4187 1462 604 3421 8193 8398 8956 6765
922 45 6494 4806 8999 4024 1420 2044 7759 4007 7124 3357 8853 7774 8475 5740 8089 5814 545 8339
1581 3131 7051 6985 5629 4203 1695 7092 8372 5275 4377 1262 973 3017 9759 7807 3780 2205 1406 2474
3544 1723 894 3922 8033 7574 8610 30 5395 9914 2523 7650 909 9277 5645 671 7208 8198 2734 8879
3354 4721 7587 9326 10 3921 1267 9301 8849 9488 3920 8374 4401 8140 3973 5596 9466 75 6110 6872
7913 5214 9959 325 1446 9921 6244 7063 1436 6487 1488 8223 1925 9026 9219 9200 3114 8730 3176 1300
8051 9434 8619 5666 913 7045 541 5642 2239 7694 7221 6574 701 9750 9485 2088 864 4560 6216 9719
1582 6316 6813 2516 3322 6301 9555 9277 3963 6217 758 2232 7179 3875 3333 3740 7627 4534 1552 3928
7037 4647 9969 712 6346 1009 104 9356 6314 3589 7223 2442 7764 5339 1730 5619 9953 3360 894 5985
5721 6213 9401 7328 1757 6184 6262 4283 4721 1350 1315 5540 4492 342 6591 1898 3401 5707 7912 9695
6516 6452 2283 3755 4769 4740 7694 8098 1590 7417 3882 3414 2370 7182 8268 4476 1526 4196 8825 5768
2762 2243 7251 4121 2713 3709 7093 4870 8937 1086 9841 4490 8798 3585 9401 9058 718 5392 2735 5815
9681 6848 2356 5617 5074 1099 573 1051 3161 8460 1092 6524 4214 6118 5063 4135 2748 9350 3040 5652
5390 4666 5799 760 3794 7510 8351 5666 8601 722 1060 3834 6013 162 6898 3817 5093 6840 6053 6218
7601 3006 2188 3571 3577 242 817 9407 8284 7150 4907 7222 2945 2835 7248 7630 6904 562 4752 6775
8114 3207 5453 8701 7173 3201 4195 3450 3045 9227 5299 6138 8399 4615 1775 943 5340 860 3539 593
2551 6312 1778 1281 1106 3179 4615 7185 5511 1648 8314 5093 6836 6955 3360 5836 3906 7483 6128 7201
8612 779 7563 8143 3787 6532 1523 9723 2825 1190 277 4801 6501 3847 7808 7407 4659 2414 1096 6152
1364 6588 3237 1800 1192 5138 2395 5197 144 3078 1608 9727 1063 8454 7352 7011 8401 1438 7272 5088
3780 3741 5671 2641 8314 3527 7636 9338 8784 7044 3237 998 2523 5394 9995 6362 7635 2079 7107 1428
6082 3495 856 1878 989 72 9141 2915 1602 564 5920 9289 503 8804 9300 5060 6879 3887 6815 6385
7198 2363 9325 6453 7251 3380 3332 9962 4832 6458 8464 9438 9249 8788 5809 3416 7356 4587 3972 9208
9244 4633 7346 9243 6601 273 344 405 7800 1806 2155 7663 7378 4191 1561 5140 6312 4278 6444 6536
1312 6383 1411 3735 2971 3799 8158 5004 7801 4583 3816 3781 296 3556 1089 3816 9317 7574 7777 9203
5666 9661 8784 4923 8429 8111 3183 3904 7650 1762 6991 9247 4510 3337 1464 1673 457 2403 7181 8638
3617 7464 8676 3366 8135 405 9585 9105 6479 9341 5763 5204 319 4947 1883 5836 2210 5203 5330 5647
1907 7672 3804 8498 1691 425 2337 3472 1143 4629 3004 9814 289 4118 2892 2258 3650 6080 1978 817
325 5213 4269 7135 6910 9952 8171 272 6209 7976 4987 7388 7146 3118 7933 6018 983 4966 6293 6274
3521 5073 1848 4146 3004 5354 3963 2760 4491 1859 4332 3097 999 2119 7799 3925 7783 1578 6830 2057
