num = 1000000
sum = 1804289383
0:28:1:522:344:833	before findUsingHash
0:28:3:495:672:899	after findUsingHash
findUsingHash results : 
261729799	1542559584
949790010	854499373
1084322644	719966739
1108952778	695336605
379761771	1424527612
326682764	1477606619
1650753027	153536356
1392792462	411496921
1171396677	632892706
973251771	831037612
662808650	1141480733
944161142	860128241
1588183997	216105386
1729839860	74449523
955130770	849158613
547904200	1256385183
192850906	1611438477
1773414414	30874969
1560804034	243485349
334916791	1469372592
775963751	1028325632
152662734	1651626649
28789093	1775500290
907262354	897027029
8111494	1796177889
171017388	1633271995
1638716030	165573353
1674992249	129297134
124459213	1679830170
1573274609	231014774
576985726	1227303657
605507642	1198781741
1155743274	648546109
1004888573	799400810
1753756914	50532469
539384811	1264904572
802560403	1001728980
359936368	1444353015
59763446	1744525937
850417928	953871455
45700030	1758589353
51945506	1752343877
158428068	1645861315
141010657	1663278726
952042304	852247079
1132177606	672111777
228399812	1575889571
1656754532	147534851
1470172651	334116732
63086442	1741202941
382634774	1421654609
913865566	890423817
926514935	877774448
143149912	1661139471
532594352	1271695031
1168158091	636131292
816888402	987400981
1674707034	129582349
303236919	1501052464
696140021	1108149362
283445696	1520843687
1467606453	336682930
164686488	1639602895
1054841099	749448284
938392833	865896550
792766138	1011523245
1190004202	614285181
269543907	1534745476
1387954583	416334800
1572926019	231363364
1706689792	97599591
1379526323	424763060
958045181	846244202
1644434472	159854911
1044937066	759352317
149790389	1654498994
828861515	975427868
447058812	1357230571
506391558	1297897825
1653789789	150499594
268419388	1535869995
1661524378	142765005
1379920007	424369376
86628825	1717660558
1083981470	720307913
154269743	1650019640
1256396520	547892863
1247154779	557134604
255628412	1548660971
23068560	1781220823
792605769	1011683614
86608241	1717681142
1414596479	389692904
27453637	1776835746
422602212	1381687171
761253975	1043035408
904161167	900128216
693544472	1110744911
1233950095	570339288
564027464	1240261919
694595105	1109694278
1798284503	6004880
600374953	1203914430
1599740677	204548706
1482267367	322022016
1613222883	191066500
237064371	1567225012
1146085533	658203850
1086809768	717479615
283038061	1521251322
1434482658	369806725
1035249631	769039752
32481311	1771808072
1246557625	557731758
605807900	1198481483
342127126	1462162257
1210310110	593979273
638966753	1165322630
1200405672	603883711
993014608	811274775
317613131	1486676252
1506850380	297439003
1542267969	262021414
549707866	1254581517
35744370	1768545013
1040610766	763678617
1290165682	514123701
350101917	1454187466
1759661713	44627670
1700730965	103558418
1707851025	96438358
324989861	1479299522
142796987	1661492396
547941327	1256348056
740616232	1063673151
1321180120	483109263
960117816	844171567
124497315	1679792068
1204636754	599652629
1679521856	124767527
150965527	1653323856
165812620	1638476763
767838192	1036451191
938803392	865485991
589965847	1214323536
1032257819	772031564
564680300	1239609083
486778691	1317510692
1533621627	270667756
107200966	1697088417
67020819	1737268564
41265820	1763023563
117436300	1686853083
793305274	1010984109
1371668288	432621095
1735362557	68926826
1153463117	650826266
1202435189	601854194
977120681	827168702
792606926	1011682457
947461416	856827967
361421802	1442867581
421727509	1382561874
1702508173	101781210
446335071	1357954312
82306054	1721983329
1127206348	677083035
1027849134	776440249
1712914352	91375031
1168275466	636013917
1635849410	168439973
680330477	1123958906
66834043	1737455340
1281949903	522339480
1365418006	438871377
1163490145	640799238
1232268412	572020971
1765104021	39185362
1531136884	273152499
1313181880	491107503
269211808	1535077575
949173294	855116089
242631535	1561657848

0:28:3:719:448:995	before findUsingVector
0:28:4:225:447:117	after findUsingVector
findUsingVector results : 
6004880	1798284503
8111494	1796177889
23068560	1781220823
27453637	1776835746
28789093	1775500290
30874969	1773414414
32481311	1771808072
35744370	1768545013
39185362	1765104021
41265820	1763023563
44627670	1759661713
45700030	1758589353
50532469	1753756914
51945506	1752343877
59763446	1744525937
63086442	1741202941
66834043	1737455340
67020819	1737268564
68926826	1735362557
74449523	1729839860
82306054	1721983329
86608241	1717681142
86628825	1717660558
91375031	1712914352
96438358	1707851025
97599591	1706689792
101781210	1702508173
103558418	1700730965
107200966	1697088417
117436300	1686853083
124459213	1679830170
124497315	1679792068
124767527	1679521856
129297134	1674992249
129582349	1674707034
141010657	1663278726
142765005	1661524378
142796987	1661492396
143149912	1661139471
147534851	1656754532
149790389	1654498994
150499594	1653789789
150965527	1653323856
152662734	1651626649
153536356	1650753027
154269743	1650019640
158428068	1645861315
159854911	1644434472
164686488	1639602895
165573353	1638716030
165812620	1638476763
168439973	1635849410
171017388	1633271995
191066500	1613222883
192850906	1611438477
204548706	1599740677
216105386	1588183997
228399812	1575889571
231014774	1573274609
231363364	1572926019
237064371	1567225012
242631535	1561657848
243485349	1560804034
255628412	1548660971
261729799	1542559584
262021414	1542267969
268419388	1535869995
269211808	1535077575
269543907	1534745476
270667756	1533621627
273152499	1531136884
283038061	1521251322
283445696	1520843687
297439003	1506850380
303236919	1501052464
317613131	1486676252
322022016	1482267367
324989861	1479299522
326682764	1477606619
334116732	1470172651
334916791	1469372592
336682930	1467606453
342127126	1462162257
350101917	1454187466
359936368	1444353015
361421802	1442867581
369806725	1434482658
379761771	1424527612
382634774	1421654609
389692904	1414596479
411496921	1392792462
416334800	1387954583
421727509	1382561874
422602212	1381687171
424369376	1379920007
424763060	1379526323
432621095	1371668288
438871377	1365418006
446335071	1357954312
447058812	1357230571
483109263	1321180120
486778691	1317510692
491107503	1313181880
506391558	1297897825
514123701	1290165682
522339480	1281949903
532594352	1271695031
539384811	1264904572
547892863	1256396520
547904200	1256385183
547941327	1256348056
549707866	1254581517
557134604	1247154779
557731758	1246557625
564027464	1240261919
564680300	1239609083
570339288	1233950095
572020971	1232268412
576985726	1227303657
589965847	1214323536
593979273	1210310110
599652629	1204636754
600374953	1203914430
601854194	1202435189
603883711	1200405672
605507642	1198781741
605807900	1198481483
614285181	1190004202
632892706	1171396677
636013917	1168275466
636131292	1168158091
638966753	1165322630
640799238	1163490145
648546109	1155743274
650826266	1153463117
658203850	1146085533
662808650	1141480733
672111777	1132177606
677083035	1127206348
680330477	1123958906
693544472	1110744911
694595105	1109694278
695336605	1108952778
696140021	1108149362
717479615	1086809768
719966739	1084322644
720307913	1083981470
740616232	1063673151
749448284	1054841099
759352317	1044937066
761253975	1043035408
763678617	1040610766
767838192	1036451191
769039752	1035249631
772031564	1032257819
775963751	1028325632
776440249	1027849134
792605769	1011683614
792606926	1011682457
792766138	1011523245
793305274	1010984109
799400810	1004888573
802560403	1001728980
811274775	993014608
816888402	987400981
827168702	977120681
828861515	975427868
831037612	973251771
844171567	960117816
846244202	958045181
849158613	955130770
850417928	953871455
852247079	952042304
854499373	949790010
855116089	949173294
856827967	947461416
860128241	944161142
865485991	938803392
865896550	938392833
877774448	926514935
890423817	913865566
897027029	907262354
900128216	904161167



