num = 2000000
sum = 1804289383
4:18:44:338:95:439	before findUsingHash
261729799	1542559584
949790010	854499373
1084322644	719966739
1108952778	695336605
379761771	1424527612
326682764	1477606619
1650753027	153536356
1392792462	411496921
1171396677	632892706
973251771	831037612
662808650	1141480733
944161142	860128241
1588183997	216105386
1729839860	74449523
955130770	849158613
547904200	1256385183
192850906	1611438477
1773414414	30874969
1560804034	243485349
334916791	1469372592
775963751	1028325632
152662734	1651626649
28789093	1775500290
907262354	897027029
8111494	1796177889
171017388	1633271995
1638716030	165573353
1674992249	129297134
124459213	1679830170
1573274609	231014774
576985726	1227303657
605507642	1198781741
1155743274	648546109
1004888573	799400810
1753756914	50532469
539384811	1264904572
802560403	1001728980
359936368	1444353015
59763446	1744525937
850417928	953871455
45700030	1758589353
51945506	1752343877
158428068	1645861315
141010657	1663278726
952042304	852247079
1132177606	672111777
228399812	1575889571
1656754532	147534851
1470172651	334116732
63086442	1741202941
382634774	1421654609
913865566	890423817
926514935	877774448
143149912	1661139471
532594352	1271695031
1168158091	636131292
816888402	987400981
1674707034	129582349
303236919	1501052464
696140021	1108149362
283445696	1520843687
1467606453	336682930
164686488	1639602895
1054841099	749448284
938392833	865896550
792766138	1011523245
1190004202	614285181
269543907	1534745476
1387954583	416334800
1572926019	231363364
1706689792	97599591
1379526323	424763060
958045181	846244202
1644434472	159854911
1044937066	759352317
149790389	1654498994
828861515	975427868
447058812	1357230571
506391558	1297897825
1653789789	150499594
268419388	1535869995
1661524378	142765005
1379920007	424369376
86628825	1717660558
1083981470	720307913
154269743	1650019640
1256396520	547892863
1247154779	557134604
255628412	1548660971
23068560	1781220823
792605769	1011683614
86608241	1717681142
1414596479	389692904
27453637	1776835746
422602212	1381687171
761253975	1043035408
904161167	900128216
693544472	1110744911
1233950095	570339288
564027464	1240261919
694595105	1109694278
1798284503	6004880
600374953	1203914430
1599740677	204548706
1482267367	322022016
1613222883	191066500
237064371	1567225012
1146085533	658203850
1086809768	717479615
283038061	1521251322
1434482658	369806725
1035249631	769039752
32481311	1771808072
1246557625	557731758
605807900	1198481483
342127126	1462162257
1210310110	593979273
638966753	1165322630
1200405672	603883711
993014608	811274775
317613131	1486676252
1506850380	297439003
1542267969	262021414
549707866	1254581517
35744370	1768545013
1040610766	763678617
1290165682	514123701
350101917	1454187466
1759661713	44627670
1700730965	103558418
1707851025	96438358
324989861	1479299522
142796987	1661492396
547941327	1256348056
740616232	1063673151
1321180120	483109263
960117816	844171567
124497315	1679792068
1204636754	599652629
1679521856	124767527
150965527	1653323856
165812620	1638476763
767838192	1036451191
938803392	865485991
589965847	1214323536
1032257819	772031564
564680300	1239609083
486778691	1317510692
1533621627	270667756
107200966	1697088417
67020819	1737268564
41265820	1763023563
117436300	1686853083
793305274	1010984109
1371668288	432621095
1735362557	68926826
1153463117	650826266
1202435189	601854194
977120681	827168702
792606926	1011682457
947461416	856827967
361421802	1442867581
421727509	1382561874
1702508173	101781210
446335071	1357954312
82306054	1721983329
1127206348	677083035
1027849134	776440249
1712914352	91375031
1168275466	636013917
1635849410	168439973
680330477	1123958906
66834043	1737455340
1281949903	522339480
1365418006	438871377
1163490145	640799238
1232268412	572020971
1765104021	39185362
1531136884	273152499
1313181880	491107503
269211808	1535077575
949173294	855116089
242631535	1561657848
1688284907	116004476
957670354	846619029
216118814	1588170569
1757670996	46618387
614199806	1190089577
1468171425	336117958
1363897434	440391949
63810789	1740478594
1547593801	256695582
1217443809	586845574
906685656	897603727
937790491	866498892
1324868422	479420961
477737995	1326551388
881079429	923209954
601040787	1203248596
200443144	1603846239
1658365486	145923897
833288257	971001126
1785160202	19129181
842861508	961427875
1284592463	519696920
211735795	1592553588
1639593494	164695889
267226390	1537062993
1214624159	589665224
1771350724	32938659
1332952977	471336406
1655987457	148301926
1537986387	266302996
827305239	976984144
1270356075	533933308
800287521	1004001862
1779925791	24363592
326649316	1477640067
829438750	974850633
1312688078	491601305
44395827	1759893556
1492590181	311699202
1343355691	460933692
7459554	1796829829
1396015988	408273395
1210305034	593984349
1691553193	112736190
1089245746	715043637
1536810853	267478530
403508466	1400780917
1130834097	673455286
477209856	1327079527
924153107	880136276
1095136224	709153159
428510062	1375779321
1285008617	519280766
1210513337	593776046
1514176160	290113223
966812839	837476544
1717616878	86672505
218249708	1586039675
1547856564	256432819
1533602665	270686718
1623592995	180696388
353562656	1450726727
1014879960	789409423
1529383932	274905451
399851779	1404437604
1436324743	367964640
327471567	1476817816
1549805514	254483869
947839223	856450160
256587689	1547701694
109412566	1694876817
1213009202	591280181
196061316	1608228067
1709531580	94757803
158610168	1645679215
670244568	1134044815
1226403485	577885898
1698633246	105656137
311984162	1492305221
476870656	1327418727
905141530	899147853
1393477182	410812201
1770606441	33682942
1248502621	555786762
844865486	959423897
1036860409	767428974
489090551	1315198832
739174740	1065114643
298701657	1505587726
1675150895	129138488
824361211	979928172
1269307123	534982260
379450138	1424839245
944861561	859427822
592052654	1212236729
1339180322	465109061
1165799484	638489899
534907289	1269382094
418240065	1386049318
708058034	1096231349
860506904	943782479
1277039694	527249689
994752752	809536631
1007237769	797051614
1407225840	397063543
758443202	1045846181
9239938	1795049445
259545914	1544743469
55782036	1748507347
990025835	814263548
971376976	832912407
1613503318	190786065
73286064	1731003319
621785561	1182503822
849123667	955165716
1654282632	150006751
74104049	1730185334
225625176	1578664207
856030170	948259213
1379379571	424909812
1640814121	163475262
1041538974	762750409
327538712	1476750671
1321040784	483248599
663309267	1140980116
1435476284	368813099
1722466664	81822719
300239707	1504049676
298009916	1506279467
351942009	1452347374
1040687153	763602230
290640545	1513648838
350438387	1453850996
356332527	1447956856
1003430344	800859039
265347370	1538942013
1684869395	119419988
1572185729	232103654
1379734000	424555383
82478814	1721810569
739477162	1064812221
594576732	1209712651
293774160	1510515223
486221535	1318067848
1778670724	25618659
1637053611	167235772
1026329135	777960248
935050124	869239259
1319292119	484997264
1490935610	313353773
277922313	1526367070
1579401855	224887528
1004742854	799546529
116794631	1687494752
1778392415	25896968
1636633518	167655865
8582553	1795706830
1104279470	700009913
1751712499	52576884
1459871871	344417512
752622290	1051667093
1146624616	657664767
1678505875	125783508
1166843508	637445875
1069258677	735030706
629323597	1174965786
233905098	1570384285
1258708427	545580956
645390877	1158898506
535593534	1268695849
656285296	1148004087
811568932	992720451
69104404	1735184979
63202683	1741086700
534199136	1270090247
434274121	1370015262
1796095060	8194323
909609054	894680329
934729787	869559596
1006057022	798232361
338512848	1465776535
487703095	1316586288
1403135709	401153674
408310367	1395979016
333910812	1470378571
179508313	1624781070
1307585850	496703533
1566799396	237489987
41337341	1762952042
1221992051	582297332
871984244	932305139
1586949996	217339387
859685212	944604171
349414730	1454874653
367127222	1437162161
781073675	1023215708
1273764148	530525235
42704360	1761585023
1465863673	338425710
152895109	1651394274
1284480839	519808544
630700578	1173588805
1328621901	475667482
763988898	1040300485
1783119529	21169854
95629725	1708659658
240975934	1563313449
574877140	1229412243
740378830	1063910553
1678788787	125500596
215141651	1589147732
494766269	1309523114
142913965	1661375418
1352826428	451462955
703974282	1100315101
1490566093	313723290
381840242	1422449141
452023804	1352265579
1643412063	160877320
1436682559	367606824
720188345	1084101038
1664889508	139399875
536984771	1267304612
525809016	1278480367
1685812859	118476524
454291744	1349997639
730972855	1073316528
6349350	1797940033
247486436	1556802947
330186313	1474103070
862035589	942253794
1371884289	432405094
881471272	922818111
882282129	922007254
1449968417	354320966
1571082706	233206677
1750109896	54179487
1106787689	697501694
995915346	808374037
221657461	1582631922
593686853	1210602530
1692338807	111950576
1425818326	378471057
510822169	1293467214
542236088	1262053295
177690286	1626599097
1424520983	379768400
276847493	1527441890
83200916	1721088467
123582371	1680707012
1089648141	714641242
1366549735	437739648
1385680466	418608917
899237511	905051872
466685704	1337603679
760813667	1043475716
573207893	1231081490
1462346294	341943089
181883316	1622406067
156035928	1648253455
1049980190	754309193
1269245092	535044291
1514331349	289958034
1180841618	623447765
170125526	1634163857
1395959361	408330022
394906603	1409382780
1260707477	543581906
740274606	1064014777
506542479	1297746904
1321760284	482529099
728480091	1075809292
419047307	1385242076
325272959	1479016424
1766400353	37889030
1539881063	264408320
1759484464	44804919
632594292	1171695091
128522177	1675767206
1265529136	538760247
1585726323	218563060
81929574	1722359809
402425819	1401863564
1565699157	238590226
324986519	1479302864
1802185324	2104059
440910179	1363379204
1056686335	747603048
767976542	1036312841
641586294	1162703089
539891429	1264397954
385650770	1418638613
1789569810	14719573
1147607302	656682081
1404291744	399997639
1460102507	344186876
1670389884	133899499
738718005	1065571378
419400450	1384888933
218901886	1585387497
1609881027	194408356
715124892	1089164491
703401145	1100888238
266619407	1537669976
823348154	980941229
1197973155	606316228
568587435	1235701948
872082725	932206658
313607812	1490681571
1037144331	767145052
916926343	887363040
564057676	1240231707
318256626	1486032757
1564225652	240063731
453107654	1351181729
157691483	1646597900
329299579	1474989804
515383841	1288905542
402108493	1402180890
645281753	1159007630
256360722	1547928661
718950953	1085338430
1149493742	654795641
1550146937	254142446
1239690214	564599169
1236730544	567558839
1365589042	438700341
825542688	978746695
72380367	1731909016
678506404	1125782979
311158019	1493131364
141645910	1662643473
213862924	1590426459
125312433	1678976950
672588275	1131701108
345279990	1459009393
1526546578	277742805
723930125	1080359258
894927989	909361394
1429928589	374360794
39266879	1765022504
203164582	1601124801
258462712	1545826671
284493102	1519796281
1472566507	331722876
908683740	895605643
387153054	1417136329
43317617	1760971766
1724685814	79603569
466604770	1337684613
565172791	1239116592
335780049	1468509334
370316158	1433973225
1656046720	148242663
707345243	1096944140
68227766	1736061617
859760785	944528598
407887334	1396402049
456898814	1347390569
777467827	1026821556
26870894	1777418489
1283410212	520879171
639529219	1164760164
802960146	1001329237
1467463066	336826317
716805850	1087483533
377677244	1426612139
751417384	1052871999
1343260594	461028789
34950742	1769338641
341782179	1462507204
1588707590	215581793
254504810	1549784573
173205588	1631083795
429862709	1374426674
1259401341	544888042
96084120	1708205263
355198114	1449091269
124983187	1679306196
471048149	1333241234
1571348466	232940917
821598522	982690861
1198464962	605824421
952247119	852042264
427927253	1376362130
662191829	1142097554
27805133	1776484250
21165284	1783124099
1339590196	464699187
1604971164	199318219
1249694401	554594982
1163204793	641084590
1275009833	529279550
201519354	1602770029
1539363947	264925436
818834122	985455261
245129516	1559159867
389711858	1414577525
1594246314	210043069
841462836	962826547
1012808139	791481244
1211769949	592519434
1119667222	684622161
1565157302	239132081
280543394	1523745989
642072534	1162216849
1533206161	271083222
240019555	1564269828
264849282	1539440101
1622412043	181877340
1792949367	11340016
399454008	1404835375
907916275	896373108
1344018631	460270752
1235008174	569281209
1408205153	396084230
1538101277	266188106
468274494	1336014889
258867899	1545421484
1409916817	394372566
794916129	1009373254
776776119	1027513264
1232611162	571678221
578658686	1225630697
825929812	978359571
42764026	1761525357
1184432012	619857371
1753440169	50849214
537238975	1267050408
134939334	1669350049
781215076	1023074307
576608786	1227680597
1048147106	756142277
1171330743	632958640
458346017	1345943366
403097104	1401192279
519235662	1285053721
1448180714	356108669
357208682	1447080701
924669274	879620109
473347948	1330941435
1649910272	154379111
512539643	1291749740
248866405	1555422978
1794322034	9967349
1257673532	546615851
1611199423	193089960
539731404	1264557979
1702391491	101897892
1295829620	508459763
660486634	1143802749
737632599	1066656784
382281750	1422007633
1627130638	177158745
389215287	1415074096
687093479	1117195904
738910640	1065378743
177601787	1626687596
880531732	923757651
512531451	1291757932
636473544	1167815839
391919050	1412370333
881926069	922363314
755740855	1048548528
641021093	1163268290
1789479268	14810115
79581136	1724708247
559600962	1244688421
1513322369	290967014
256488751	1547800632
389448494	1414840889
1215191958	589097425
1169877332	634412051
1018868128	785421255
68041288	1736248095
1586362048	217927335
545098733	1259190650
170103420	1634185963
1515065131	289224252
1470801126	333488257
214014549	1590274834
1065040030	739249353
1503389998	300899385
588204088	1216085295
50305372	1753984011
1527208387	277080996
1125542200	678747183
954297095	849992288
1034912229	769377154
1657689060	146600323
735046155	1069243228
458562074	1345727309
404476016	1399813367
772866730	1031422653
588158144	1216131239
1087970075	716319308
306456381	1497833002
299851513	1504437870
1019260286	785029097
84497764	1719791619
734727538	1069561845
827624893	976664490
1606123052	198166331
964765090	839524293
500574609	1303714774
1756596836	47692547
88789813	1715499570
15317501	1788971882
340579242	1463710141
444720555	1359568828
553615918	1250673465
1430115059	374174324
972791244	831498139
1147031321	657258062
230521966	1573767417
1173940999	630348384
101595078	1702694305
1136867277	667422106
1419656199	384633184
248123223	1556166160
1694389241	109900142
329302987	1474986396
311923307	1492366076
1532676511	271612872
353175330	1451114053
1092156172	712133211
1285787968	518501415
630603544	1173685839
30619931	1773669452
226587658	1577701725
1065841659	738447724
826764628	977524755
1602233434	202055949
502651348	1301638035
1423895968	380393415
569061267	1235228116
1431071925	373217458
1136227899	668061484
165423048	1638866335
28495774	1775793609
676529692	1127759691
303569254	1500720129
61983054	1742306329
697254007	1107035376
231935871	1572353512
1787730594	16558789
70279677	1734009706
825981195	978308188
1416818173	387471210
790983596	1013305787
1491322224	312967159
1266546157	537743226
1034542439	769746944
132698620	1671590763
1728218533	76070850
753603568	1050685815
379242221	1425047162
637892906	1166396477
104528776	1699760607
89640063	1714649320
244023103	1560266280
1584056200	220233183
1332493758	471795625
1422366106	381923277
909274725	895014658
26965893	1777323490
6692777	1797596606
177884285	1626405098
1198601833	605687550
1732607038	71682345
1293285022	511004361
1017205490	787083893
4:18:58:142:783:889	after findUsingHash
4:18:58:142:814:54	before findUsingVector
2104059	1802185324
6004880	1798284503
6349350	1797940033
6692777	1797596606
7459554	1796829829
8111494	1796177889
8194323	1796095060
8582553	1795706830
9239938	1795049445
9967349	1794322034
11340016	1792949367
14719573	1789569810
14810115	1789479268
15317501	1788971882
16558789	1787730594
19129181	1785160202
21165284	1783124099
21169854	1783119529
23068560	1781220823
24363592	1779925791
25618659	1778670724
25896968	1778392415
26870894	1777418489
26965893	1777323490
27453637	1776835746
27805133	1776484250
28495774	1775793609
28789093	1775500290
30619931	1773669452
30874969	1773414414
32481311	1771808072
32938659	1771350724
33682942	1770606441
34950742	1769338641
35744370	1768545013
37889030	1766400353
39185362	1765104021
39266879	1765022504
41265820	1763023563
41337341	1762952042
42704360	1761585023
42764026	1761525357
43317617	1760971766
44395827	1759893556
44627670	1759661713
44804919	1759484464
45700030	1758589353
46618387	1757670996
47692547	1756596836
50305372	1753984011
50532469	1753756914
50849214	1753440169
51945506	1752343877
52576884	1751712499
54179487	1750109896
55782036	1748507347
59763446	1744525937
61983054	1742306329
63086442	1741202941
63202683	1741086700
63810789	1740478594
66834043	1737455340
67020819	1737268564
68041288	1736248095
68227766	1736061617
68926826	1735362557
69104404	1735184979
70279677	1734009706
71682345	1732607038
72380367	1731909016
73286064	1731003319
74104049	1730185334
74449523	1729839860
76070850	1728218533
79581136	1724708247
79603569	1724685814
81822719	1722466664
81929574	1722359809
82306054	1721983329
82478814	1721810569
83200916	1721088467
84497764	1719791619
86608241	1717681142
86628825	1717660558
86672505	1717616878
88789813	1715499570
89640063	1714649320
91375031	1712914352
94757803	1709531580
95629725	1708659658
96084120	1708205263
96438358	1707851025
97599591	1706689792
101595078	1702694305
101781210	1702508173
101897892	1702391491
103558418	1700730965
104528776	1699760607
105656137	1698633246
107200966	1697088417
109412566	1694876817
109900142	1694389241
111950576	1692338807
112736190	1691553193
116004476	1688284907
116794631	1687494752
117436300	1686853083
118476524	1685812859
119419988	1684869395
123582371	1680707012
124459213	1679830170
124497315	1679792068
124767527	1679521856
124983187	1679306196
125312433	1678976950
125500596	1678788787
125783508	1678505875
128522177	1675767206
129138488	1675150895
129297134	1674992249
129582349	1674707034
132698620	1671590763
133899499	1670389884
134939334	1669350049
139399875	1664889508
141010657	1663278726
141645910	1662643473
142765005	1661524378
142796987	1661492396
142913965	1661375418
143149912	1661139471
145923897	1658365486
146600323	1657689060
147534851	1656754532
148242663	1656046720
148301926	1655987457
149790389	1654498994
150006751	1654282632
150499594	1653789789
150965527	1653323856
152662734	1651626649
152895109	1651394274
153536356	1650753027
154269743	1650019640
154379111	1649910272
156035928	1648253455
157691483	1646597900
158428068	1645861315
158610168	1645679215
159854911	1644434472
160877320	1643412063
163475262	1640814121
164686488	1639602895
164695889	1639593494
165423048	1638866335
165573353	1638716030
165812620	1638476763
167235772	1637053611
167655865	1636633518
168439973	1635849410
170103420	1634185963
170125526	1634163857
171017388	1633271995
173205588	1631083795
177158745	1627130638
177601787	1626687596
177690286	1626599097
177884285	1626405098
179508313	1624781070
180696388	1623592995
181877340	1622412043
181883316	1622406067
190786065	1613503318
191066500	1613222883
192850906	1611438477
193089960	1611199423
194408356	1609881027
196061316	1608228067
198166331	1606123052
199318219	1604971164
200443144	1603846239
201519354	1602770029
202055949	1602233434
203164582	1601124801
204548706	1599740677
210043069	1594246314
211735795	1592553588
213862924	1590426459
214014549	1590274834
215141651	1589147732
215581793	1588707590
216105386	1588183997
216118814	1588170569
217339387	1586949996
217927335	1586362048
218249708	1586039675
218563060	1585726323
218901886	1585387497
220233183	1584056200
221657461	1582631922
224887528	1579401855
225625176	1578664207
226587658	1577701725
228399812	1575889571
230521966	1573767417
231014774	1573274609
231363364	1572926019
231935871	1572353512
232103654	1572185729
232940917	1571348466
233206677	1571082706
233905098	1570384285
237064371	1567225012
237489987	1566799396
238590226	1565699157
239132081	1565157302
240019555	1564269828
240063731	1564225652
240975934	1563313449
242631535	1561657848
243485349	1560804034
244023103	1560266280
245129516	1559159867
247486436	1556802947
248123223	1556166160
248866405	1555422978
254142446	1550146937
254483869	1549805514
254504810	1549784573
255628412	1548660971
256360722	1547928661
256432819	1547856564
256488751	1547800632
256587689	1547701694
256695582	1547593801
258462712	1545826671
258867899	1545421484
259545914	1544743469
261729799	1542559584
262021414	1542267969
264408320	1539881063
264849282	1539440101
264925436	1539363947
265347370	1538942013
266188106	1538101277
266302996	1537986387
266619407	1537669976
267226390	1537062993
267478530	1536810853
268419388	1535869995
269211808	1535077575
269543907	1534745476
270667756	1533621627
270686718	1533602665
271083222	1533206161
271612872	1532676511
273152499	1531136884
274905451	1529383932
276847493	1527441890
277080996	1527208387
277742805	1526546578
277922313	1526367070
280543394	1523745989
283038061	1521251322
283445696	1520843687
284493102	1519796281
289224252	1515065131
289958034	1514331349
290113223	1514176160
290640545	1513648838
290967014	1513322369
293774160	1510515223
297439003	1506850380
298009916	1506279467
298701657	1505587726
299851513	1504437870
300239707	1504049676
300899385	1503389998
303236919	1501052464
303569254	1500720129
306456381	1497833002
311158019	1493131364
311699202	1492590181
311923307	1492366076
311984162	1492305221
312967159	1491322224
313353773	1490935610
313607812	1490681571
313723290	1490566093
317613131	1486676252
318256626	1486032757
322022016	1482267367
324986519	1479302864
324989861	1479299522
325272959	1479016424
326649316	1477640067
326682764	1477606619
327471567	1476817816
327538712	1476750671
329299579	1474989804
329302987	1474986396
330186313	1474103070
331722876	1472566507
333488257	1470801126
333910812	1470378571
334116732	1470172651
334916791	1469372592
335780049	1468509334
336117958	1468171425
336682930	1467606453
336826317	1467463066
338425710	1465863673
338512848	1465776535
340579242	1463710141
341782179	1462507204
341943089	1462346294
342127126	1462162257
344186876	1460102507
344417512	1459871871
345279990	1459009393
349414730	1454874653
350101917	1454187466
350438387	1453850996
351942009	1452347374
353175330	1451114053
353562656	1450726727
354320966	1449968417
355198114	1449091269
356108669	1448180714
356332527	1447956856
357208682	1447080701
359936368	1444353015
361421802	1442867581
367127222	1437162161
367606824	1436682559
367964640	1436324743
368813099	1435476284
369806725	1434482658
370316158	1433973225
373217458	1431071925
374174324	1430115059
374360794	1429928589
377677244	1426612139
378471057	1425818326
379242221	1425047162
379450138	1424839245
379761771	1424527612
379768400	1424520983
380393415	1423895968
381840242	1422449141
381923277	1422366106
382281750	1422007633
382634774	1421654609
384633184	1419656199
385650770	1418638613
387153054	1417136329
387471210	1416818173
389215287	1415074096
389448494	1414840889
389692904	1414596479
389711858	1414577525
391919050	1412370333
394372566	1409916817
394906603	1409382780
396084230	1408205153
397063543	1407225840
399454008	1404835375
399851779	1404437604
399997639	1404291744
401153674	1403135709
402108493	1402180890
402425819	1401863564
403097104	1401192279
403508466	1400780917
404476016	1399813367
407887334	1396402049
408273395	1396015988
408310367	1395979016
408330022	1395959361
410812201	1393477182
411496921	1392792462
416334800	1387954583
418240065	1386049318
418608917	1385680466
419047307	1385242076
419400450	1384888933
421727509	1382561874
422602212	1381687171
424369376	1379920007
424555383	1379734000
424763060	1379526323
424909812	1379379571
427927253	1376362130
428510062	1375779321
429862709	1374426674
432405094	1371884289
432621095	1371668288
434274121	1370015262
437739648	1366549735
438700341	1365589042
438871377	1365418006
440391949	1363897434
440910179	1363379204
444720555	1359568828
446335071	1357954312
447058812	1357230571
451462955	1352826428
452023804	1352265579
453107654	1351181729
454291744	1349997639
456898814	1347390569
458346017	1345943366
458562074	1345727309
460270752	1344018631
460933692	1343355691
461028789	1343260594
464699187	1339590196
465109061	1339180322
466604770	1337684613
466685704	1337603679
468274494	1336014889
471048149	1333241234
471336406	1332952977
471795625	1332493758
473347948	1330941435
475667482	1328621901
476870656	1327418727
477209856	1327079527
477737995	1326551388
479420961	1324868422
482529099	1321760284
483109263	1321180120
483248599	1321040784
484997264	1319292119
486221535	1318067848
486778691	1317510692
487703095	1316586288
489090551	1315198832
491107503	1313181880
491601305	1312688078
494766269	1309523114
496703533	1307585850
500574609	1303714774
502651348	1301638035
506391558	1297897825
506542479	1297746904
508459763	1295829620
510822169	1293467214
511004361	1293285022
512531451	1291757932
512539643	1291749740
514123701	1290165682
515383841	1288905542
518501415	1285787968
519235662	1285053721
519280766	1285008617
519696920	1284592463
519808544	1284480839
520879171	1283410212
522339480	1281949903
525809016	1278480367
527249689	1277039694
529279550	1275009833
530525235	1273764148
532594352	1271695031
533933308	1270356075
534199136	1270090247
534907289	1269382094
534982260	1269307123
535044291	1269245092
535593534	1268695849
536984771	1267304612
537238975	1267050408
537743226	1266546157
538760247	1265529136
539384811	1264904572
539731404	1264557979
539891429	1264397954
542236088	1262053295
543581906	1260707477
544888042	1259401341
545098733	1259190650
545580956	1258708427
546615851	1257673532
547892863	1256396520
547904200	1256385183
547941327	1256348056
549707866	1254581517
553615918	1250673465
554594982	1249694401
555786762	1248502621
557134604	1247154779
557731758	1246557625
559600962	1244688421
564027464	1240261919
564057676	1240231707
564599169	1239690214
564680300	1239609083
565172791	1239116592
567558839	1236730544
568587435	1235701948
569061267	1235228116
569281209	1235008174
570339288	1233950095
571678221	1232611162
572020971	1232268412
573207893	1231081490
574877140	1229412243
576608786	1227680597
576985726	1227303657
577885898	1226403485
578658686	1225630697
582297332	1221992051
586845574	1217443809
588158144	1216131239
588204088	1216085295
589097425	1215191958
589665224	1214624159
589965847	1214323536
591280181	1213009202
592052654	1212236729
592519434	1211769949
593686853	1210602530
593776046	1210513337
593979273	1210310110
593984349	1210305034
594576732	1209712651
599652629	1204636754
600374953	1203914430
601040787	1203248596
601854194	1202435189
603883711	1200405672
605507642	1198781741
605687550	1198601833
605807900	1198481483
605824421	1198464962
606316228	1197973155
614199806	1190089577
614285181	1190004202
619857371	1184432012
621785561	1182503822
623447765	1180841618
629323597	1174965786
630348384	1173940999
630603544	1173685839
630700578	1173588805
632594292	1171695091
632892706	1171396677
632958640	1171330743
634412051	1169877332
636013917	1168275466
636131292	1168158091
636473544	1167815839
637445875	1166843508
637892906	1166396477
638489899	1165799484
638966753	1165322630
639529219	1164760164
640799238	1163490145
641021093	1163268290
641084590	1163204793
641586294	1162703089
642072534	1162216849
645281753	1159007630
645390877	1158898506
648546109	1155743274
650826266	1153463117
654795641	1149493742
656285296	1148004087
656682081	1147607302
657258062	1147031321
657664767	1146624616
658203850	1146085533
660486634	1143802749
662191829	1142097554
662808650	1141480733
663309267	1140980116
667422106	1136867277
668061484	1136227899
670244568	1134044815
672111777	1132177606
672588275	1131701108
673455286	1130834097
676529692	1127759691
677083035	1127206348
678506404	1125782979
678747183	1125542200
680330477	1123958906
684622161	1119667222
687093479	1117195904
693544472	1110744911
694595105	1109694278
695336605	1108952778
696140021	1108149362
697254007	1107035376
697501694	1106787689
700009913	1104279470
703401145	1100888238
703974282	1100315101
707345243	1096944140
708058034	1096231349
709153159	1095136224
712133211	1092156172
714641242	1089648141
715043637	1089245746
715124892	1089164491
716319308	1087970075
716805850	1087483533
717479615	1086809768
718950953	1085338430
719966739	1084322644
720188345	1084101038
720307913	1083981470
723930125	1080359258
728480091	1075809292
730972855	1073316528
734727538	1069561845
735030706	1069258677
735046155	1069243228
737632599	1066656784
738447724	1065841659
738718005	1065571378
738910640	1065378743
739174740	1065114643
739249353	1065040030
739477162	1064812221
740274606	1064014777
740378830	1063910553
740616232	1063673151
747603048	1056686335
749448284	1054841099
751417384	1052871999
752622290	1051667093
753603568	1050685815
754309193	1049980190
755740855	1048548528
756142277	1048147106
758443202	1045846181
759352317	1044937066
760813667	1043475716
761253975	1043035408
762750409	1041538974
763602230	1040687153
763678617	1040610766
763988898	1040300485
767145052	1037144331
767428974	1036860409
767838192	1036451191
767976542	1036312841
769039752	1035249631
769377154	1034912229
769746944	1034542439
772031564	1032257819
772866730	1031422653
775963751	1028325632
776440249	1027849134
776776119	1027513264
777467827	1026821556
777960248	1026329135
781073675	1023215708
781215076	1023074307
785029097	1019260286
785421255	1018868128
787083893	1017205490
789409423	1014879960
790983596	1013305787
791481244	1012808139
792605769	1011683614
792606926	1011682457
792766138	1011523245
793305274	1010984109
794916129	1009373254
797051614	1007237769
798232361	1006057022
799400810	1004888573
799546529	1004742854
800287521	1004001862
800859039	1003430344
802560403	1001728980
802960146	1001329237
808374037	995915346
809536631	994752752
811274775	993014608
811568932	992720451
814263548	990025835
816888402	987400981
818834122	985455261
821598522	982690861
823348154	980941229
824361211	979928172
825542688	978746695
825929812	978359571
825981195	978308188
826764628	977524755
827168702	977120681
827305239	976984144
827624893	976664490
828861515	975427868
829438750	974850633
831037612	973251771
831498139	972791244
832912407	971376976
833288257	971001126
837476544	966812839
839524293	964765090
841462836	962826547
842861508	961427875
844171567	960117816
844865486	959423897
846244202	958045181
846619029	957670354
849123667	955165716
849158613	955130770
849992288	954297095
850417928	953871455
852042264	952247119
852247079	952042304
854499373	949790010
855116089	949173294
856030170	948259213
856450160	947839223
856827967	947461416
859427822	944861561
859685212	944604171
859760785	944528598
860128241	944161142
860506904	943782479
862035589	942253794
865485991	938803392
865896550	938392833
866498892	937790491
869239259	935050124
869559596	934729787
871984244	932305139
872082725	932206658
877774448	926514935
879620109	924669274
880136276	924153107
880531732	923757651
881079429	923209954
881471272	922818111
881926069	922363314
882282129	922007254
887363040	916926343
890423817	913865566
894680329	909609054
894927989	909361394
895014658	909274725
895605643	908683740
896373108	907916275
897027029	907262354
897603727	906685656
899147853	905141530
899237511	905051872
900128216	904161167
4:19:0:436:195:739	after findUsingVector


